1 0.8317307692307693 0.3204819277108434 0.08173076923076923 0.10120481927710843
1 0.1141826923076923 0.3325301204819277 0.06971153846153846 0.09156626506024096
1 0.6298076923076923 0.3433734939759036 0.0673076923076923 0.0891566265060241
1 0.3449519230769231 0.3385542168674699 0.06490384615384616 0.0891566265060241
1 0.5060096153846154 0.3481927710843373 0.06009615384615385 0.09397590361445783
1 0.4579326923076923 0.3397590361445783 0.05048076923076923 0.08674698795180723
1 0.7055288461538461 0.3746987951807229 0.04567307692307692 0.05542168674698795
1 0.7524038461538461 0.36987951807228914 0.038461538461538464 0.05542168674698795
1 0.8329326923076923 0.03253012048192771 0.08413461538461539 0.06506024096385542
1 0.11298076923076923 0.024096385542168676 0.07211538461538461 0.04819277108433735
1 0.6310096153846154 0.018072289156626505 0.06971153846153846 0.03614457831325301
1 0.34375 0.020481927710843374 0.0673076923076923 0.04096385542168675
1 0.5048076923076923 0.016867469879518072 0.0625 0.033734939759036145
1 0.4567307692307692 0.01927710843373494 0.052884615384615384 0.03855421686746988
