1 0.07211538461538461 0.3481927710843373 0.057692307692307696 0.06506024096385542
1 0.5408653846153846 0.35542168674698793 0.02403846153846154 0.04096385542168675
1 0.375 0.3530120481927711 0.03365384615384615 0.05060240963855422
1 0.5733173076923077 0.3578313253012048 0.03125 0.05060240963855422
1 0.7548076923076923 0.36626506024096384 0.028846153846153848 0.043373493975903614
1 0.07211538461538461 0.0927710843373494 0.057692307692307696 0.06506024096385542
1 0.5408653846153846 0.0855421686746988 0.02403846153846154 0.04096385542168675
1 0.375 0.08795180722891566 0.03365384615384615 0.05060240963855422
1 0.5733173076923077 0.08313253012048193 0.03125 0.05060240963855422
1 0.7548076923076923 0.07228915662650602 0.028846153846153848 0.043373493975903614
