1 0.16826923076923078 0.23373493975903614 0.11057692307692307 0.11566265060240964
1 0.46875 0.4108433734939759 0.03365384615384615 0.04578313253012048
1 0.6911057692307693 0.43734939759036146 0.04567307692307692 0.05060240963855422
1 0.8245192307692307 0.42409638554216866 0.057692307692307696 0.05783132530120482
0 0.15865384615384615 0.5072289156626506 0.2403846153846154 0.6481927710843374
0 0.46634615384615385 0.4951807228915663 0.08653846153846154 0.21927710843373494
0 0.640625 0.5397590361445783 0.13221153846153846 0.26506024096385544
0 0.8509615384615384 0.5216867469879518 0.11538461538461539 0.25301204819277107
1 0.16826923076923078 0.09879518072289156 0.11057692307692307 0.11566265060240964
0 0.15985576923076922 0.07590361445783132 0.24278846153846154 0.15180722891566265
0 0.15985576923076922 0.9168674698795181 0.24278846153846154 0.1614457831325301
