1 0.35697115384615385 0.3088942307692308 0.08413461538461539 0.11298076923076923
1 0.6189903846153846 0.2824519230769231 0.07451923076923077 0.10817307692307693
1 0.5456730769230769 0.3293269230769231 0.11057692307692307 0.14423076923076922
0 0.09735576923076923 0.5757211538461539 0.18990384615384615 0.59375
0 0.3137019230769231 0.5576923076923077 0.19471153846153846 0.6057692307692307
0 0.4170673076923077 0.5492788461538461 0.14182692307692307 0.49278846153846156
0 0.5384615384615384 0.5637019230769231 0.1778846153846154 0.6177884615384616
0 0.6322115384615384 0.5216346153846154 0.125 0.6057692307692307
0 0.8713942307692307 0.546875 0.25240384615384615 0.65625
0 0.7247596153846154 0.5024038461538461 0.3004807692307692 0.7307692307692307
1 0.6177884615384616 0.01201923076923077 0.07692307692307693 0.02403846153846154
0 0.09615384615384616 0.9375 0.19230769230769232 0.1201923076923077
