1 0.8377403846153846 0.27403846153846156 0.20432692307692307 0.20192307692307693
1 0.6706730769230769 0.26322115384615385 0.11057692307692307 0.11778846153846154
1 0.1971153846153846 0.23076923076923078 0.10576923076923077 0.1201923076923077
1 0.5709134615384616 0.28966346153846156 0.10336538461538461 0.14182692307692307
1 0.052884615384615384 0.24639423076923078 0.057692307692307696 0.07451923076923077
1 0.2980769230769231 0.234375 0.12980769230769232 0.13221153846153846
1 0.8365384615384616 0.08052884615384616 0.20673076923076922 0.16105769230769232
1 0.6706730769230769 0.07091346153846154 0.11057692307692307 0.11778846153846154
1 0.1971153846153846 0.10096153846153846 0.10576923076923077 0.1201923076923077
1 0.5697115384615384 0.057692307692307696 0.10576923076923077 0.11538461538461539
1 0.052884615384615384 0.08774038461538461 0.057692307692307696 0.07451923076923077
1 0.2980769230769231 0.09975961538461539 0.12980769230769232 0.13221153846153846
