1 0.2512019230769231 0.26802884615384615 0.17548076923076922 0.18509615384615385
1 0.6586538461538461 0.22716346153846154 0.0625 0.10336538461538461
1 0.41346153846153844 0.21875 0.057692307692307696 0.07211538461538461
1 0.4795673076923077 0.21995192307692307 0.036057692307692304 0.06009615384615385
1 0.7620192307692307 0.2439903846153846 0.08173076923076923 0.12740384615384615
1 0.25 0.07932692307692307 0.1778846153846154 0.15865384615384615
1 0.6586538461538461 0.10697115384615384 0.0625 0.10336538461538461
1 0.41346153846153844 0.11298076923076923 0.057692307692307696 0.07211538461538461
1 0.4795673076923077 0.1141826923076923 0.036057692307692304 0.06009615384615385
1 0.7620192307692307 0.09014423076923077 0.08173076923076923 0.12740384615384615
