1 0.8966346153846154 0.3858173076923077 0.11057692307692307 0.13221153846153846
1 0.7596153846153846 0.42427884615384615 0.07692307692307693 0.09375
1 0.6766826923076923 0.40384615384615385 0.06971153846153846 0.08173076923076923
1 0.8389423076923077 0.39783653846153844 0.057692307692307696 0.10336538461538461
1 0.24639423076923078 0.2283653846153846 0.021634615384615384 0.028846153846153848
1 0.15264423076923078 0.2127403846153846 0.021634615384615384 0.026442307692307692
1 0.0829326923076923 0.21394230769230768 0.021634615384615384 0.02403846153846154
1 0.026442307692307692 0.3557692307692308 0.04807692307692308 0.08173076923076923
1 0.24639423076923078 0.021634615384615384 0.021634615384615384 0.028846153846153848
1 0.15264423076923078 0.039663461538461536 0.021634615384615384 0.026442307692307692
1 0.0829326923076923 0.036057692307692304 0.021634615384615384 0.02403846153846154
