1 0.1778846153846154 0.3493975903614458 0.07211538461538461 0.0819277108433735
1 0.37259615384615385 0.43614457831325304 0.10096153846153846 0.0963855421686747
1 0.2764423076923077 0.5216867469879518 0.15384615384615385 0.14216867469879518
1 0.6057692307692307 0.3265060240963855 0.038461538461538464 0.05542168674698795
1 0.5444711538461539 0.3457831325301205 0.040865384615384616 0.05542168674698795
1 0.5108173076923077 0.3481927710843373 0.03125 0.04578313253012048
1 0.46634615384615385 0.344578313253012 0.03365384615384615 0.05783132530120482
1 0.17908653846153846 0.01325301204819277 0.07451923076923077 0.02650602409638554
1 0.6069711538461539 0.018072289156626505 0.040865384615384616 0.03614457831325301
1 0.5432692307692307 0.008433734939759036 0.04326923076923077 0.016867469879518072
1 0.5096153846153846 0.004819277108433735 0.03365384615384615 0.00963855421686747
1 0.4675480769230769 0.00963855421686747 0.036057692307692304 0.01927710843373494
