1 0.3581730769230769 0.25841346153846156 0.057692307692307696 0.0889423076923077
1 0.3269230769230769 0.36658653846153844 0.0625 0.07932692307692307
1 0.38461538461538464 0.2956730769230769 0.0673076923076923 0.07211538461538461
0 0.33653846153846156 0.4375 0.1346153846153846 0.21634615384615385
0 0.4495192307692308 0.4098557692307692 0.1875 0.28125
0 0.5649038461538461 0.3641826923076923 0.08653846153846154 0.23317307692307693
0 0.33774038461538464 0.2800480769230769 0.08413461538461539 0.10817307692307693
1 0.3581730769230769 0.07572115384615384 0.057692307692307696 0.0889423076923077
1 0.38461538461538464 0.036057692307692304 0.0673076923076923 0.07211538461538461
0 0.45072115384615385 0.03245192307692308 0.18990384615384615 0.06490384615384616
0 0.5661057692307693 0.04326923076923077 0.0889423076923077 0.08653846153846154
0 0.33653846153846156 0.054086538461538464 0.08653846153846154 0.10817307692307693
